444,-0.07,-1.92
480,-0.08,-2.05
499,-0.08,-2.05
519,-0.09,-2.18
538,-0.06,-1.65
558,-0.09,-2.31
577,-0.09,-2.31
596,-0.07,-1.79
616,-0.06,-1.79
635,-0.07,-1.65
655,-0.07,-1.79
674,-0.07,-1.79
694,-0.07,-1.79
713,-0.07,-1.79
733,-0.07,-1.79
752,-0.07,-1.65
772,-0.07,-1.79
791,-0.07,-1.92
811,-0.08,-1.92
830,-0.07,-1.92
849,-0.07,-1.79
869,-0.07,-1.92
888,-0.07,-1.92
908,-0.07,-1.92
927,-0.07,-1.92
947,-0.08,-2.05
966,-0.08,-2.05
986,-0.07,-1.79
1005,-0.07,-1.92
1025,-0.09,-1.92
1044,-0.07,-1.79
1061,-0.07,-1.79
1081,-0.07,-1.65
1100,-0.07,-2.84
1120,-0.07,-1.79
1139,-0.07,-1.65
1159,-0.07,-1.79
1178,-0.07,-1.65
1198,-0.07,-1.79
1217,-0.06,-1.65
1236,-0.07,-1.92
1256,-0.07,-1.79
1275,-0.06,-1.79
1295,-0.06,-1.52
1314,-0.08,-2.18
1334,-0.05,-1.39
1353,-0.05,-1.39
1373,-0.06,-1.52
1392,-0.06,-1.52
1412,-0.07,-2.05
1431,-0.06,-1.65
1451,-0.06,-1.65
1470,-0.06,-1.65
1489,-0.07,-1.79
1509,-0.07,-1.79
1528,-0.09,-2.18
1548,-0.05,-1.39
1567,-0.06,-1.52
1587,-0.07,-1.79
1623,-0.08,-2.58
1651,-0.06,-1.65
1671,-0.06,-1.65
1690,-0.06,-1.65
1710,-0.07,-1.65
1729,-0.06,-1.65
1748,-0.06,-1.65
1768,-0.06,-1.65
1787,-0.07,-1.79
1807,-0.06,-1.65
1826,-0.07,-1.79
1846,-0.07,-1.79
1865,-0.07,-1.92
1885,-0.07,-1.92
1904,-0.08,-2.05
1924,-0.06,-1.65
1943,-0.07,-1.65
1963,-0.07,-1.79
1982,-0.07,-1.65
2001,-0.06,-1.65
2021,-0.06,-1.65
2040,-0.07,-1.65
2060,-0.07,-1.79
2079,-0.07,-1.79
2099,-0.07,-1.92
2118,-0.07,-1.92
2139,-0.07,-1.92
2158,-0.07,-1.92
2181,-0.07,-1.92
2200,-0.07,-1.92
2220,-0.07,-1.79
2239,-0.07,-1.79
2258,-0.07,-1.92
2278,-0.08,-1.92
2297,-0.07,-1.92
2317,-0.07,-1.79
2336,-0.07,-1.92
2356,-0.07,-1.92
2375,-0.08,-1.92
2395,-0.07,-1.92
2414,-0.07,-1.92
2434,-0.07,-1.92
2453,-0.07,-1.92
2472,-0.07,-1.92
2492,-0.07,-2.05
2511,-0.08,-1.92
2531,-0.08,-2.05
2550,-0.07,-1.92
2570,-0.08,-2.71
2589,-0.07,-1.79
2609,-0.07,-1.79
2628,-0.07,-1.79
2648,-0.07,-1.92
2667,-0.07,-1.92
2686,-0.07,-1.92
2707,-0.07,-1.92
2726,-0.08,-2.05
2749,-0.08,-2.18
2768,-0.07,-1.92
2788,-0.07,-1.79
2807,-0.07,-1.79
2827,-0.07,-1.79
2846,-0.06,-1.79
2866,-0.06,-1.65
2885,-0.07,-1.92
2905,-0.07,-1.79
2924,-0.07,-1.79
2944,-0.06,-1.65
2963,-0.07,-1.79
2982,-0.07,-1.79
3002,-0.07,-1.79
3021,-0.07,-1.79
3041,-0.07,-1.79
3060,-0.07,-1.79
3080,-0.07,-1.79
3099,-0.07,-1.65
3119,-0.07,-1.79
3138,-0.07,-1.92
3158,-0.07,-1.92
3177,-0.07,-1.92
3196,-0.07,-1.79
3216,-0.07,-1.79
3235,-0.07,-1.79
3255,-0.07,-1.79
3274,-0.07,-1.79
3319,-0.08,-2.18
3339,-0.08,-2.05
3358,-0.08,-2.05
3378,-0.08,-2.05
3397,-0.08,-2.05
3417,-0.09,-2.45
3436,-0.10,-2.58
3456,-0.10,-2.58
3475,-0.10,-2.71
3494,-0.11,-2.84
3514,-0.10,-2.71
3533,-0.11,-2.84
3553,-0.11,-2.84
3572,-0.11,-2.98
3592,-0.11,-2.84
3611,-0.11,-2.98
3631,-0.11,-3.11
3650,-0.11,-2.98
3670,-0.11,-2.84
3689,-0.11,-2.98
3709,-0.11,-2.98
3729,-0.11,-2.98
3748,-0.11,-2.84
3768,-0.11,-2.84
3787,-0.11,-2.98
3807,-0.11,-2.98
3826,-0.11,-2.84
3846,-0.11,-2.84
3865,-0.11,-2.84
3888,-0.11,-2.84
3907,-0.11,-2.84
3927,-0.11,-2.98
3946,-0.11,-2.84
3965,-0.11,-2.71
3985,-0.11,-2.98
4004,-0.11,-2.84
4024,-0.11,-2.84
4043,-0.10,-2.71
4063,-0.11,-2.71
4082,-0.11,-2.71
4103,-0.11,-2.84
4122,-0.11,-2.98
4142,-0.10,-2.71
4161,-0.10,-2.71
4180,-0.11,-2.84
4200,-0.11,-2.84
4219,-0.11,-2.84
4239,-0.11,-2.84
4258,-0.11,-2.84
4278,-0.10,-2.84
4297,-0.11,-2.84
4317,-0.10,-2.71
4336,-0.11,-2.84
4356,-0.11,-2.84
4375,-0.11,-2.84
4395,-0.11,-2.84
4414,-0.11,-2.84
4436,-0.11,-2.84
4456,-0.11,-2.84
4475,-0.10,-2.71
4496,-0.10,-2.84
4515,-0.11,-2.84
4535,-0.10,-2.84
4554,-0.10,-2.71
4574,-0.10,-2.71
4593,-0.10,-2.71
4613,-0.10,-2.71
4632,-0.10,-2.71
4652,-0.10,-2.71
4671,-0.10,-2.71
4690,-0.10,-2.71
4710,-0.10,-2.71
4729,-0.10,-2.71
4749,-0.10,-2.84
4768,-0.10,-2.71
4788,-0.10,-2.71
4807,-0.11,-2.71
4827,-0.10,-2.84
4846,-0.11,-2.84
4866,-0.10,-2.71
4885,-0.10,-2.71
4904,-0.10,-2.71
4924,-0.11,-2.71
4943,-0.11,-2.84
4984,-0.11,-3.11
5005,-0.11,-2.98
5040,-0.11,-2.98
5062,-0.11,-3.11
5084,-0.11,-3.11
5105,-0.11,-3.11
5128,-0.11,-3.11
5149,-0.11,-3.11
5172,-0.11,-2.98
5193,-0.11,-3.11
5215,-0.11,-2.98
5237,-0.11,-2.84
5259,-0.11,-3.11
5280,-0.11,-3.11
5303,-0.11,-2.98
5324,-0.11,-2.84
5346,-0.11,-2.98
5368,-0.11,-2.84
5390,-0.11,-2.98
5411,-0.11,-2.84
5434,-0.10,-2.71
5455,-0.11,-2.84
5477,-0.11,-2.98
5499,-0.11,-2.98
5521,-0.11,-2.84
5542,-0.11,-2.84
5565,-0.11,-2.98
5586,-0.11,-2.98
5608,-0.11,-2.98
5630,-0.11,-2.98
5655,-0.11,-3.11
5678,-0.11,-3.11
5699,-0.11,-2.98
5721,-0.11,-2.98
5743,-0.11,-3.11
5765,-0.12,-3.11
5786,-0.12,-3.11
5809,-0.11,-3.11
5830,-0.11,-2.98
5852,-0.11,-3.11
5874,-0.11,-2.98
5896,-0.11,-2.71
5918,-0.11,-2.84
5940,-0.11,-2.98
5961,-0.11,-2.84
5984,-0.11,-2.84
6005,-0.11,-2.84
6027,-0.11,-2.84
6049,-0.11,-2.98
6071,-0.11,-3.90
6092,-0.11,-2.71
6115,-0.11,-2.84
6136,-0.11,-2.84
6158,-0.11,-2.71
6180,-0.11,-2.71
6202,-0.10,-2.71
6223,-0.11,-2.84
6246,-0.11,-2.84
6267,-0.11,-2.84
6287,-0.11,-2.71
6308,-0.11,-2.71
6331,-0.11,-2.84
6352,-0.11,-2.84
6374,-0.11,-2.84
6396,-0.11,-2.84
6418,-0.11,-2.84
6439,-0.11,-2.84
6462,-0.11,-2.84
6483,-0.11,-2.84
6505,-0.11,-2.98
6528,-0.11,-2.98
6549,-0.11,-2.84
6571,-0.11,-2.71
6593,-0.10,-2.71
6615,-0.10,-2.71
6636,-0.10,-2.58
6659,-0.10,-2.71
6680,-0.10,-2.71
6702,-0.10,-2.71
6724,-0.10,-2.58
6746,-0.10,-2.71
6767,-0.10,-2.71
6790,-0.10,-2.58
6811,-0.10,-2.58
6854,-0.11,-2.98
6877,-0.11,-2.84
6898,-0.10,-2.71
6923,-0.13,-3.51
6945,-0.10,-2.58
6967,-0.10,-2.71
6988,-0.10,-2.58
7011,-0.11,-2.71
7032,-0.10,-2.71
7054,-0.11,-2.84
7076,-0.11,-2.98
7098,-0.12,-3.24
7119,-0.12,-3.24
7142,-0.12,-3.11
7163,-0.12,-3.37
7185,-0.12,-3.24
7207,-0.11,-3.11
7229,-0.11,-3.11
7250,-0.11,-2.98
7273,-0.11,-2.84
7294,-0.11,-2.84
7316,-0.11,-2.71
7339,-0.10,-2.71
7360,-0.10,-2.71
7382,-0.10,-2.58
7404,-0.10,-2.71
7426,-0.10,-2.71
7447,-0.11,-2.84
7470,-0.10,-2.71
7491,-0.11,-2.84
7513,-0.11,-2.84
7538,-0.11,-2.84
7560,-0.11,-2.84
7582,-0.10,-2.84
7604,-0.10,-2.84
7625,-0.11,-2.71
7648,-0.11,-2.84
7669,-0.11,-2.58
7691,-0.09,-2.45
7713,-0.10,-2.45
7735,-0.10,-2.71
7756,-0.10,-2.58
7779,-0.09,-2.58
7800,-0.11,-2.71
7822,-0.10,-2.71
7844,-0.10,-2.84
7866,-0.11,-2.84
7887,-0.10,-2.84
7910,-0.11,-2.71
7931,-0.10,-2.71
7953,-0.10,-2.71
7975,-0.11,-2.84
7997,-0.10,-2.71
8018,-0.11,-2.84
8041,-0.10,-2.58
8062,-0.10,-2.58
8084,-0.10,-2.71
8107,-0.10,-2.58
8128,-0.10,-2.58
8150,-0.10,-2.58
8175,-0.10,-2.71
8197,-0.10,-2.71
8219,-0.10,-2.71
8241,-0.10,-2.58
8262,-0.10,-2.71
8285,-0.10,-2.58
8306,-0.10,-2.71
8328,-0.10,-2.58
8350,-0.09,-2.31
8372,-0.09,-2.31
8393,-0.09,-2.45
8416,-0.09,-2.45
8437,-0.09,-2.45
8459,-0.09,-2.31
8481,-0.09,-2.31
8503,-0.09,-2.31
8524,-0.09,-2.45
8547,-0.09,-2.31
8568,-0.09,-2.45
8590,-0.10,-2.45
8612,-0.09,-2.31
8634,-0.09,-2.31
8655,-0.09,-2.45
8677,-0.09,-2.45
8737,-0.11,-2.84
8760,-0.11,-2.71
8781,-0.10,-2.58
8804,-0.10,-2.58
8829,-0.10,-2.58
8851,-0.10,-2.45
8872,-0.09,-2.45
8895,-0.09,-2.45
8916,-0.10,-2.45
8939,-0.09,-2.45
8961,-0.09,-2.45
8982,-0.09,-2.45
9005,-0.09,-2.45
9026,-0.09,-2.45
9049,-0.09,-2.45
9070,-0.09,-2.45
9093,-0.09,-2.45
9114,-0.09,-2.45
9137,-0.09,-2.31
9158,-0.12,-3.24
9181,-0.09,-2.31
9202,-0.09,-2.31
9224,-0.09,-2.31
9246,-0.09,-2.45
9268,-0.09,-2.45
9290,-0.10,-2.58
9312,-0.08,-3.64
9334,-0.09,-2.45
9356,-0.09,-2.45
9378,-0.09,-2.45
9400,-0.10,-2.58
9421,-0.09,-2.45
9444,-0.09,-2.45
9469,-0.09,-2.45
9491,-0.10,-2.58
9513,-0.09,-2.58
9535,-0.10,-2.71
9558,-0.10,-2.58
9579,-0.10,-2.45
9601,-0.10,-2.58
9623,-0.10,-2.58
9645,-0.10,-2.45
9667,-0.10,-2.58
9689,-0.09,-2.58
9711,-0.10,-2.58
9733,-0.10,-2.45
9755,-0.09,-2.45
9777,-0.10,-2.45
9799,-0.09,-2.45
9821,-0.09,-2.45
9842,-0.10,-2.45
9865,-0.09,-2.58
9886,-0.10,-2.58
9909,-0.10,-2.58
9930,-0.10,-2.45
9953,-0.09,-2.45
9974,-0.09,-2.45
9997,-0.10,-2.58
10018,-0.10,-2.71
10041,-0.10,-2.71
10062,-0.10,-2.58
10098,-0.10,-2.58
10121,-0.10,-2.58
10142,-0.10,-2.58
10165,-0.10,-2.58
10186,-0.10,-2.58
10209,-0.10,-2.58
10230,-0.10,-2.71
10253,-0.10,-2.71
10274,-0.10,-2.71
10297,-0.10,-2.71
10318,-0.10,-2.71
10341,-0.10,-2.58
10362,-0.10,-2.58
10385,-0.10,-2.71
10406,-0.10,-2.71
10429,-0.10,-2.58
10450,-0.10,-2.58
10473,-0.11,-2.71
10496,-0.10,-2.71
10517,-0.10,-2.58
10540,-0.10,-2.71
10561,-0.10,-2.71
10589,-0.10,-2.84
10628,-0.11,-2.84
10649,-0.11,-2.84
10671,-0.10,-2.84
10693,-0.10,-2.71
10719,-0.11,-2.71
10740,-0.11,-2.71
10762,-0.11,-2.84
10784,-0.11,-2.84
10806,-0.11,-2.84
10827,-0.11,-2.71
10850,-0.11,-2.98
10871,-0.11,-2.71
10894,-0.11,-2.84
10915,-0.11,-2.84
10938,-0.11,-2.98
10959,-0.10,-2.58
10981,-0.11,-2.98
11003,-0.11,-2.84
11025,-0.11,-2.84
11047,-0.11,-2.84
11069,-0.10,-2.71
11091,-0.10,-2.98
11113,-0.11,-2.84
11136,-0.11,-2.84
11157,-0.11,-2.98
11180,-0.11,-2.71
11201,-0.11,-2.84
11224,-0.10,-2.84
11245,-0.10,-2.71
11268,-0.10,-2.71
11289,-0.10,-2.84
11315,-0.10,-2.71
11336,-0.10,-2.58
11359,-0.10,-2.71
11380,-0.10,-2.71
11403,-0.10,-2.71
11424,-0.10,-2.71
11447,-0.10,-2.58
11468,-0.10,-2.58
11490,-0.10,-2.71
11512,-0.09,-2.58
11534,-0.10,-2.58
11556,-0.10,-2.71
11578,-0.10,-2.71
11600,-0.11,-2.58
11622,-0.10,-2.71
11644,-0.10,-2.71
11666,-0.11,-2.84
11688,-0.10,-2.58
11710,-0.11,-2.71
11732,-0.10,-2.71
11754,-0.10,-2.58
11777,-0.10,-2.71
11798,-0.10,-2.58
11821,-0.10,-2.58
11842,-0.10,-2.58
11865,-0.10,-2.71
11886,-0.10,-2.71
11912,-0.10,-2.71
11934,-0.10,-2.71
11956,-0.10,-2.84
11978,-0.11,-2.84
12000,-0.11,-2.98
12022,-0.11,-2.98
12044,-0.11,-2.98
12066,-0.11,-2.98
12088,-0.11,-2.84
12110,-0.11,-2.98
12132,-0.11,-2.98
12154,-0.11,-2.84
12176,-0.11,-2.84
12198,-0.11,-2.98
12220,-0.11,-2.98
12242,-0.11,-2.98
12264,-0.11,-3.11
12286,-0.11,-2.98
12308,-0.11,-2.98
12329,-0.11,-2.98
12352,-0.11,-2.98
12374,-0.11,-2.98
12396,-0.11,-2.98
12418,-0.11,-2.84
12440,-0.11,-2.98
12468,-0.11,-3.11
12506,-0.11,-3.24
12530,-0.11,-2.98
12553,-0.11,-2.84
12574,-0.11,-2.84
12596,-0.10,-2.84
12618,-0.11,-2.84
12640,-0.10,-2.84
12662,-0.11,-2.98
12684,-0.10,-2.71
12705,-0.11,-2.98
12728,-0.11,-2.84
12749,-0.11,-2.84
12771,-0.11,-2.84
12793,-0.11,-2.84
12815,-0.11,-2.71
12837,-0.11,-2.98
12859,-0.11,-2.84
12880,-0.11,-2.84
12903,-0.11,-2.98
12924,-0.11,-2.98
12947,-0.11,-2.84
12968,-0.11,-2.98
12990,-0.11,-2.98
13012,-0.11,-2.98
13034,-0.11,-2.98
13057,-0.11,-2.84
13078,-0.11,-2.98
13100,-0.11,-2.98
13125,-0.11,-2.98
13147,-0.11,-2.84
13169,-0.11,-2.84
13191,-0.11,-2.84
13213,-0.10,-2.71
13235,-0.11,-2.71
13256,-0.11,-2.98
13279,-0.11,-2.84
13300,-0.11,-2.98
13323,-0.11,-2.84
13344,-0.11,-2.84
13366,-0.11,-3.24
13388,-0.11,-2.84
13410,-0.11,-2.84
13432,-0.11,-2.98
13454,-0.11,-2.98
13475,-0.11,-3.11
13498,-0.11,-2.84
13519,-0.11,-2.84
13541,-0.10,-2.84
13563,-0.11,-2.98
13585,-0.11,-3.11
13607,-0.11,-2.98
13629,-0.11,-2.98
13650,-0.11,-3.11
13673,-0.11,-2.84
13694,-0.10,-2.71
13720,-0.11,-2.98
13742,-0.10,-2.71
13764,-0.11,-2.84
13786,-0.10,-2.71
13808,-0.11,-2.84
13830,-0.11,-2.84
13851,-0.11,-2.71
13874,-0.11,-2.84
13895,-0.11,-2.71
13918,-0.10,-2.71
13939,-0.11,-2.84
13961,-0.11,-2.84
13983,-0.11,-2.84
14005,-0.10,-2.71
14027,-0.10,-2.84
14049,-0.10,-2.71
14070,-0.10,-2.71
14093,-0.11,-2.84
14114,-0.11,-2.84
14136,-0.11,-2.84
14158,-0.10,-2.71
14180,-0.11,-2.98
14202,-0.11,-2.84
14224,-0.10,-2.71
14245,-0.11,-2.71
14268,-0.10,-2.71
14289,-0.11,-2.84
14315,-0.11,-2.98
14358,-0.11,-3.11
14381,-0.11,-3.11
14402,-0.11,-2.84
14424,-0.11,-2.98
14446,-0.11,-2.98
14468,-0.11,-2.84
14490,-0.11,-2.84
14512,-0.11,-2.98
14533,-0.11,-2.84
14556,-0.11,-2.84
14577,-0.11,-2.84
14600,-0.11,-2.98
14621,-0.11,-2.84
14643,-0.11,-2.84
14665,-0.11,-2.84
14687,-0.10,-2.71
14709,-0.11,-2.84
14731,-0.11,-2.98
14752,-0.11,-2.98
14775,-0.11,-3.11
14796,-0.11,-3.11
14819,-0.11,-2.98
14840,-0.11,-2.84
14862,-0.11,-2.98
14884,-0.11,-2.98
14906,-0.11,-2.98
14942,-0.11,-2.84
14964,-0.11,-2.98
14986,-0.11,-2.71
15007,-0.11,-2.84
15030,-0.11,-2.84
15051,-0.10,-2.84
15074,-0.11,-2.84
15095,-0.11,-2.84
15117,-0.11,-2.98
15139,-0.11,-2.98
15161,-0.11,-2.98
15183,-0.11,-2.84
15205,-0.11,-2.84
15227,-0.11,-2.84
15249,-0.11,-2.84
15270,-0.11,-2.84
15293,-0.11,-2.98
15314,-0.11,-2.98
15337,-0.11,-2.98
15358,-0.11,-2.98
15380,-0.11,-2.84
15403,-0.11,-2.84
15424,-0.11,-2.84
15447,-0.11,-2.84
15468,-0.11,-2.84
15491,-0.11,-2.84
15512,-0.11,-2.84
15538,-0.11,-2.84
15559,-0.11,-2.84
15582,-0.11,-2.98
15603,-0.11,-2.98
15625,-0.11,-2.84
15647,-0.11,-2.98
15669,-0.11,-2.98
15691,-0.11,-2.98
15713,-0.11,-3.11
15734,-0.11,-2.84
15757,-0.11,-2.84
15778,-0.11,-2.84
15801,-0.11,-2.84
15822,-0.11,-2.84
15844,-0.11,-2.84
15866,-0.11,-2.98
15888,-0.11,-2.84
15910,-0.10,-2.71
15932,-0.10,-2.71
15953,-0.11,-2.84
15976,-0.11,-2.84
15997,-0.11,-2.98
16020,-0.11,-2.84
16041,-0.10,-2.71
16063,-0.10,-2.71
16086,-0.11,-2.84
16107,-0.11,-2.84
16126,-0.11,-2.84
16149,-0.10,-2.84
16171,-0.10,-2.71
16192,-0.11,-2.84
16236,-0.11,-2.98
16259,-0.11,-2.98
16280,-0.11,-2.98
16302,-0.11,-2.84
16324,-0.10,-2.58
16346,-0.10,-2.84
16367,-0.10,-2.71
16390,-0.10,-2.84
16411,-0.10,-2.71
16434,-0.10,-2.71
16455,-0.10,-2.71
16477,-0.10,-2.71
16499,-0.10,-2.71
16521,-0.10,-2.58
16543,-0.10,-2.58
16565,-0.10,-2.58
16587,-0.10,-2.58
16609,-0.10,-2.58
16631,-0.10,-2.71
16653,-0.10,-2.71
16674,-0.10,-2.71
16697,-0.10,-2.71
16722,-0.11,-2.84
16744,-0.11,-2.84
16766,-0.10,-2.71
16788,-0.10,-2.71
16811,-0.10,-2.71
16832,-0.10,-2.71
16855,-0.10,-2.71
16876,-0.11,-2.84
16899,-0.10,-2.71
16920,-0.10,-2.58
16943,-0.10,-2.58
16964,-0.10,-2.58
16987,-0.10,-2.58
17008,-0.10,-2.58
17031,-0.10,-2.58
17052,-0.10,-2.58
17074,-0.10,-2.58
17096,-0.10,-2.58
17118,-0.10,-2.58
17140,-0.10,-2.71
17162,-0.10,-2.58
17184,-0.10,-2.58
17206,-0.10,-2.58
17228,-0.10,-2.71
17250,-0.10,-2.58
17272,-0.09,-2.45
17294,-0.10,-2.58
17319,-0.10,-2.58
17342,-0.10,-2.58
17363,-0.10,-2.58
17386,-0.10,-2.71
17408,-0.10,-2.58
17430,-0.10,-2.58
17452,-0.10,-2.58
17474,-0.10,-2.71
17496,-0.10,-2.71
17517,-0.10,-2.58
17540,-0.10,-2.71
17562,-0.11,-2.84
17584,-0.10,-2.71
17606,-0.10,-2.71
17628,-0.10,-2.71
17650,-0.10,-2.58
17672,-0.10,-2.58
17694,-0.10,-2.58
17716,-0.10,-2.71
17738,-0.11,-2.71
17760,-0.10,-2.58
17782,-0.10,-2.71
17804,-0.10,-2.58
17826,-0.10,-2.71
17848,-0.10,-2.58
17870,-0.10,-2.58
17892,-0.10,-2.71
17917,-0.10,-2.58
17939,-0.10,-2.45
17961,-0.10,-2.71
17983,-0.10,-2.71
18006,-0.10,-2.58
18027,-0.10,-2.71
18049,-0.10,-2.58
18071,-0.10,-2.58
18114,-0.11,-2.84
18137,-0.10,-2.58
18158,-0.11,-2.71
18181,-0.10,-2.71
18202,-0.10,-2.58
18225,-0.10,-2.58
18246,-0.10,-2.58
18269,-0.10,-2.58
18290,-0.10,-2.58
18313,-0.10,-2.58
18334,-0.10,-2.71
18357,-0.10,-2.58
18378,-0.10,-2.58
18401,-0.10,-2.58
18422,-0.10,-2.45
18445,-0.10,-2.58
18466,-0.10,-2.58
18489,-0.10,-2.58
18510,-0.10,-2.45
18536,-0.10,-2.58
18558,-0.10,-2.58
18580,-0.10,-2.58
18603,-0.10,-2.58
18625,-0.10,-2.58
18647,-0.10,-2.58
18669,-0.10,-2.58
18691,-0.10,-2.58
18713,-0.10,-2.58
18735,-0.10,-2.58
18757,-0.10,-2.58
18779,-0.10,-2.58
18801,-0.10,-2.58
18823,-0.10,-2.58
18845,-0.10,-2.58
18867,-0.10,-2.58
18889,-0.10,-2.58
18911,-0.10,-2.71
18933,-0.10,-2.71
18955,-0.10,-2.71
18977,-0.10,-2.58
18999,-0.10,-2.71
19021,-0.10,-2.58
19043,-0.10,-2.71
19065,-0.10,-2.71
19087,-0.10,-2.58
19109,-0.10,-2.58
19135,-0.10,-2.58
19156,-0.10,-2.58
19179,-0.10,-2.71
19201,-0.10,-2.58
19223,-0.10,-2.71
19246,-0.10,-2.71
19267,-0.10,-2.58
19290,-0.11,-2.84
19311,-0.10,-2.71
19334,-0.10,-2.58
19355,-0.10,-2.58
19378,-0.10,-2.58
19399,-0.09,-2.45
19422,-0.10,-2.58
19443,-0.10,-2.58
19466,-0.10,-2.58
19487,-0.10,-2.58
19510,-0.10,-2.58
19531,-0.10,-2.71
19554,-0.09,-2.45
19575,-0.10,-2.58
19598,-0.10,-2.58
19619,-0.10,-2.58
19642,-0.10,-2.58
19663,-0.09,-2.45
19686,-0.10,-2.58
19707,-0.10,-2.58
19744,-0.10,-2.71
19766,-0.10,-2.58
19788,-0.10,-2.58
19810,-0.10,-2.58
19832,-0.10,-2.58
19854,-0.10,-2.58
19876,-0.10,-2.58
19898,-0.10,-2.58
19920,-0.10,-2.58
19942,-0.10,-2.58
19971,-0.10,-2.71
20008,-0.10,-2.71
20030,-0.11,-2.71
20052,-0.10,-2.71
20074,-0.10,-2.71
20097,-0.10,-2.58
20118,-0.10,-2.71
20140,-0.10,-2.58
20162,-0.10,-2.71
20184,-0.10,-2.58
20206,-0.09,-2.45
20228,-0.10,-2.58
20249,-0.10,-2.58
20272,-0.10,-2.58
20293,-0.10,-2.71
20316,-0.10,-2.58
20337,-0.10,-2.58
20363,-0.10,-2.71
20384,-0.10,-2.58
20407,-0.10,-2.58
20428,-0.10,-2.58
20450,-0.10,-2.58
20472,-0.10,-2.58
20494,-0.10,-2.58
20516,-0.09,-2.58
20538,-0.10,-2.58
20560,-0.10,-2.58
20582,-0.10,-2.58
20603,-0.10,-2.58
20626,-0.10,-2.58
20647,-0.10,-2.58
20670,-0.10,-2.71
20691,-0.10,-2.58
20713,-0.10,-2.58
20736,-0.10,-2.58
20757,-0.10,-2.58
20780,-0.10,-2.58
20801,-0.10,-2.45
20823,-0.10,-2.58
20845,-0.10,-2.71
20867,-0.10,-2.58
20889,-0.10,-2.58
20911,-0.10,-2.58
20932,-0.10,-2.58
20958,-0.10,-2.58
20980,-0.10,-2.71
21002,-0.10,-2.71
21023,-0.10,-2.58
21046,-0.10,-2.58
21067,-0.10,-2.71
21090,-0.10,-2.71
21111,-0.10,-2.58
21134,-0.09,-2.58
21155,-0.09,-2.45
21177,-0.10,-2.45
21199,-0.10,-2.71
21221,-0.10,-2.58
21243,-0.10,-2.71
21265,-0.10,-2.58
21286,-0.10,-2.58
21309,-0.10,-2.58
21330,-0.10,-2.58
21353,-0.10,-2.58
21374,-0.10,-2.58
21396,-0.10,-2.58
21419,-0.10,-2.71
21440,-0.11,-2.71
21463,-0.10,-2.71
21484,-0.10,-2.58
21506,-0.10,-2.71
21528,-0.10,-2.71
21554,-0.10,-2.71
21575,-0.10,-2.58
21597,-0.10,-2.58
21619,-0.10,-2.58
21641,-0.10,-2.71
21663,-0.10,-2.58
21685,-0.10,-2.58
21707,-0.10,-2.58
21729,-0.10,-2.58
21750,-0.10,-2.58
21773,-0.10,-2.58
21794,-0.10,-2.71
21817,-0.11,-2.71
21844,-0.11,-2.84
21882,-0.11,-2.98
21904,-0.11,-2.84
21925,-0.11,-2.84
21948,-0.10,-2.71
21969,-0.09,-1.92
21992,-0.10,-2.58
22013,-0.10,-2.71
22035,-0.09,-2.45
22057,-0.09,-2.45
22079,-0.09,-2.45
22102,-0.10,-2.58
22123,-0.10,-2.45
22145,-0.09,-2.45
22170,-0.09,-2.45
22193,-0.09,-2.45
22214,-0.10,-2.58
22237,-0.09,-2.45
22258,-0.10,-2.45
22280,-0.09,-2.45
22302,-0.09,-2.45
22324,-0.09,-2.45
22346,-0.09,-2.45
22368,-0.09,-2.31
22390,-0.09,-2.31
22413,-0.09,-2.31
22434,-0.09,-2.45
22457,-0.09,-2.45
22478,-0.09,-2.45
22501,-0.09,-2.45
22522,-0.09,-2.45
22544,-0.09,-2.58
22566,-0.09,-2.31
22588,-0.09,-2.45
22610,-0.09,-2.31
22632,-0.09,-2.45
22654,-0.09,-2.31
22676,-0.09,-2.31
22699,-0.09,-2.31
22720,-0.09,-2.31
22743,-0.09,-2.45
22768,-0.09,-2.45
22790,-0.09,-2.31
22812,-0.07,-2.31
22834,-0.09,-2.45
22856,-0.09,-2.31
22878,-0.09,-2.31
22900,-0.09,-2.31
22922,-0.09,-2.31
22944,-0.09,-2.31
22966,-0.09,-2.31
22988,-0.09,-2.45
23010,-0.09,-2.45
23032,-0.09,-2.31
23054,-0.09,-2.31
23076,-0.09,-2.18
23098,-0.08,-2.18
23120,-0.08,-2.18
23142,-0.08,-2.31
23164,-0.08,-2.18
23186,-0.08,-2.31
23208,-0.09,-2.31
23231,-0.08,-2.18
23252,-0.09,-2.31
23275,-0.09,-2.31
23297,-0.09,-2.31
23319,-0.09,-2.31
23341,-0.09,-2.45
23366,-0.08,-2.18
23389,-0.09,-2.31
23410,-0.09,-2.31
23433,-0.09,-2.31
23454,-0.08,-2.18
23477,-0.09,-2.31
23498,-0.09,-2.31
23521,-0.09,-2.18
23542,-0.09,-2.31
23565,-0.09,-2.31
23586,-0.09,-2.31
23609,-0.08,-2.31
23630,-0.09,-2.31
23652,-0.09,-2.31
23674,-0.09,-2.31
23696,-0.09,-2.31
23725,-0.09,-2.31
23762,-0.10,-2.58
23784,-0.10,-2.58
23805,-0.09,-2.45
23828,-0.09,-2.45
23849,-0.09,-2.31
23871,-0.09,-2.31
23894,-0.09,-2.31
23915,-0.09,-2.31
23938,-0.09,-2.18
23959,-0.09,-2.31
23985,-0.09,-2.31
24006,-0.09,-2.31
24029,-0.09,-2.31
24050,-0.09,-2.31
24073,-0.08,-2.18
24094,-0.08,-2.18
24116,-0.08,-2.18
24138,-0.08,-2.31
24160,-0.09,-2.31
24182,-0.09,-2.31
24204,-0.08,-2.31
24226,-0.09,-2.45
24248,-0.09,-2.45
24269,-0.09,-2.31
24292,-0.10,-2.58
24313,-0.09,-2.45
24336,-0.09,-2.31
24357,-0.09,-2.45
24380,-0.09,-2.45
24401,-0.09,-2.45
24423,-0.09,-2.31
24445,-0.09,-2.31
24467,-0.09,-2.31
24489,-0.09,-2.45
24511,-0.09,-2.45
24534,-0.09,-2.45
24555,-0.09,-2.45
24591,-0.10,-2.58
24612,-0.09,-2.45
24635,-0.09,-2.58
24656,-0.09,-2.45
24679,-0.09,-2.58
24700,-0.09,-2.45
24722,-0.10,-2.58
24744,-0.09,-2.31
24766,-0.07,-1.92
24788,-0.09,-2.45
24810,-0.09,-2.31
24833,-0.09,-2.45
24854,-0.09,-2.45
24876,-0.09,-2.45
24898,-0.09,-2.45
24920,-0.09,-2.31
24942,-0.09,-2.45
24964,-0.09,-2.31
24986,-0.09,-2.31
25008,-0.09,-2.31
25029,-0.09,-2.31
25052,-0.09,-2.31
25073,-0.09,-2.31
25096,-0.09,-2.31
25117,-0.09,-2.31
25140,-0.09,-2.31
25161,-0.09,-2.31
25187,-0.09,-2.31
25208,-0.09,-2.31
25231,-0.09,-2.31
25252,-0.09,-2.31
25274,-0.09,-2.31
25296,-0.09,-2.31
25318,-0.09,-2.31
25340,-0.09,-2.18
25362,-0.09,-2.31
25384,-0.08,-2.18
25406,-0.09,-2.31
25427,-0.09,-2.45
25450,-0.09,-2.45
25472,-0.09,-2.31
25494,-0.09,-2.31
25516,-0.09,-2.18
25538,-0.09,-2.31
25560,-0.09,-2.31
25581,-0.09,-2.31
25625,-0.10,-2.58
25648,-0.10,-2.58
25669,-0.09,-2.45
25692,-0.09,-2.45
25713,-0.09,-2.45
25735,-0.09,-2.18
25757,-0.09,-2.31
25779,-0.09,-2.18
25804,-0.09,-2.31
25827,-0.09,-2.31
25848,-0.09,-2.45
25870,-0.09,-2.31
25892,-0.08,-2.18
25914,-0.09,-2.31
25936,-0.09,-2.31
25958,-0.09,-2.31
25979,-0.09,-2.31
26002,-0.09,-2.31
26023,-0.09,-2.45
26046,-0.08,-2.18
26067,-0.08,-2.31
26090,-0.09,-2.18
26112,-0.09,-2.31
26133,-0.08,-2.18
26156,-0.09,-2.31
26177,-0.09,-2.31
26200,-0.09,-2.31
26221,-0.09,-2.31
26244,-0.08,-2.31
26265,-0.09,-2.31
26287,-0.09,-2.31
26309,-0.09,-2.18
26331,-0.09,-2.31
26353,-0.09,-2.31
26375,-0.09,-2.31
26400,-0.09,-2.45
26422,-0.09,-2.45
26444,-0.09,-2.45
26466,-0.09,-2.58
26488,-0.09,-2.45
26510,-0.09,-2.31
26531,-0.08,-2.31
26554,-0.09,-2.18
26575,-0.09,-2.31
26598,-0.09,-2.31
26619,-0.09,-2.31
26642,-0.08,-2.18
26663,-0.09,-2.31
26685,-0.09,-2.31
26707,-0.08,-2.31
26729,-0.09,-2.31
26752,-0.09,-2.31
26773,-0.09,-2.31
26796,-0.08,-2.31
26817,-0.08,-2.18
26840,-0.09,-2.18
26861,-0.08,-2.18
26883,-0.09,-2.18
26905,-0.09,-2.31
26927,-0.09,-2.31
26949,-0.09,-2.18
26971,-0.09,-2.31
26996,-0.09,-2.31
27018,-0.08,-2.18
27040,-0.08,-2.18
27062,-0.09,-2.31
27084,-0.09,-2.18
27106,-0.09,-2.18
27127,-0.09,-2.31
27150,-0.09,-2.31
27171,-0.09,-2.31
27194,-0.09,-2.31
27215,-0.09,-2.18
27238,-0.08,-2.18
27259,-0.08,-2.18
27281,-0.09,-2.31
27303,-0.08,-2.31
27325,-0.09,-2.31
27347,-0.09,-2.31
27369,-0.08,-2.31
27390,-0.08,-2.18
27413,-0.09,-2.31
27435,-0.09,-2.18
27457,-0.09,-2.18
27500,-0.10,-2.58
27523,-0.09,-2.45
27544,-0.09,-2.31
27567,-0.09,-2.31
27588,-0.09,-2.18
27609,-0.09,-2.31
27630,-0.09,-2.31
27653,-0.09,-2.31
27674,-0.09,-2.45
27697,-0.09,-2.31
27718,-0.08,-2.18
27741,-0.09,-2.18
27762,-0.08,-2.18
27785,-0.08,-2.18
27806,-0.08,-2.18
27829,-0.09,-2.31
27850,-0.08,-2.18
27873,-0.09,-2.31
27895,-0.08,-2.18
27917,-0.09,-2.31
27939,-0.09,-2.31
27961,-0.09,-2.31
27983,-0.08,-2.18
28005,-0.08,-2.18
28027,-0.09,-2.18
28049,-0.09,-2.18
28071,-0.09,-2.18
28094,-0.08,-2.18
28115,-0.08,-2.18
28138,-0.09,-2.18
28160,-0.08,-2.18
28185,-0.08,-2.18
28208,-0.08,-2.31
28229,-0.09,-2.31
28252,-0.09,-2.18
28273,-0.09,-2.31
28296,-0.08,-2.05
28317,-0.08,-2.18
28340,-0.08,-2.18
28362,-0.08,-2.05
28384,-0.09,-2.31
28406,-0.09,-2.31
28428,-0.08,-2.31
28450,-0.09,-2.18
28472,-0.08,-2.18
28494,-0.09,-2.31
28516,-0.08,-2.18
28538,-0.09,-2.18
28560,-0.09,-2.45
28582,-0.09,-2.31
28605,-0.09,-2.31
28626,-0.09,-2.31
28649,-0.09,-2.31
28670,-0.09,-2.45
28693,-0.09,-2.31
28715,-0.09,-2.31
28737,-0.09,-2.31
28759,-0.09,-2.31
28784,-0.09,-2.45
28807,-0.09,-2.31
28829,-0.09,-2.31
28851,-0.08,-2.18
28873,-0.09,-2.31
28895,-0.09,-2.31
28917,-0.08,-2.31
28939,-0.09,-2.31
28961,-0.09,-2.31
28983,-0.09,-2.31
29005,-0.08,-2.18
29027,-0.09,-2.31
29049,-0.09,-2.31
29072,-0.09,-2.31
29093,-0.09,-2.31
29116,-0.09,-2.31
29137,-0.09,-2.45
29160,-0.08,-2.18
29181,-0.09,-2.31
29204,-0.08,-2.31
29225,-0.08,-2.18
29248,-0.08,-2.18
29270,-0.08,-2.18
29292,-0.09,-2.31
29315,-0.09,-2.45
29336,-0.09,-2.31
29364,-0.10,-2.58
29416,-0.10,-2.71
29437,-0.10,-2.58
29459,-0.09,-2.58
29481,-0.09,-2.31
29503,-0.09,-2.45
29526,-0.09,-2.31
29547,-0.08,-2.18
29570,-0.09,-2.31
29591,-0.08,-2.18
29614,-0.09,-2.18
29635,-0.09,-2.18
29657,-0.09,-2.18
29679,-0.09,-2.31
29701,-0.09,-2.31
29723,-0.09,-2.31
29745,-0.09,-2.45
29767,-0.09,-2.31
29789,-0.09,-2.31
29811,-0.09,-2.31
29833,-0.09,-2.45
29855,-0.09,-2.45
29877,-0.09,-2.31
29899,-0.09,-2.31
29921,-0.08,-2.18
29943,-0.08,-2.18
29965,-0.09,-2.18
29987,-0.09,-2.31
30013,-0.09,-2.45
30034,-0.09,-2.31
30057,-0.09,-2.31
30078,-0.09,-2.31
30101,-0.09,-2.45
30123,-0.09,-2.31
30145,-0.09,-2.45
30168,-0.09,-2.45
30189,-0.09,-2.45
30211,-0.09,-2.45
30233,-0.08,-2.31
30255,-0.09,-2.31
30277,-0.09,-2.18
30299,-0.09,-2.31
30321,-0.09,-2.31
30344,-0.09,-2.31
30365,-0.09,-2.31
30388,-0.09,-2.45
30409,-0.08,-2.18
30432,-0.09,-2.31
30453,-0.08,-2.31
30476,-0.08,-2.18
30497,-0.08,-2.31
30520,-0.09,-2.31
30541,-0.09,-2.31
30564,-0.09,-2.45
30585,-0.09,-2.31
30611,-0.09,-2.31
30633,-0.09,-2.31
30655,-0.08,-2.18
30678,-0.09,-2.31
30699,-0.09,-2.45
30722,-0.09,-2.45
30743,-0.09,-2.45
30766,-0.09,-2.45
30787,-0.09,-2.45
30810,-0.10,-2.45
30831,-0.09,-2.31
30854,-0.09,-2.45
30875,-0.09,-2.31
30898,-0.09,-2.31
30920,-0.09,-2.31
30942,-0.09,-2.31
30964,-0.09,-2.45
30986,-0.09,-2.45
31008,-0.09,-2.31
31030,-0.09,-2.45
31052,-0.09,-2.31
31074,-0.09,-2.45
31096,-0.10,-2.45
31118,-0.09,-2.31
31140,-0.09,-2.45
31162,-0.09,-2.45
31184,-0.09,-2.31
31210,-0.09,-2.45
31238,-0.10,-2.58
31276,-0.09,-2.45
31298,-0.09,-2.45
31320,-0.09,-2.31
31342,-0.09,-2.31
31364,-0.09,-2.31
31385,-0.09,-2.31
31408,-0.08,-2.31
31429,-0.09,-2.31
31452,-0.09,-2.31
31473,-0.09,-2.45
31496,-0.09,-2.31
31517,-0.09,-2.45
31539,-0.09,-2.31
31561,-0.09,-2.45
31583,-0.09,-2.31
31605,-0.09,-2.45
31627,-0.09,-2.31
31649,-0.09,-2.31
31671,-0.09,-2.31
31692,-0.08,-2.18
31715,-0.09,-2.31
31736,-0.09,-2.18
31759,-0.09,-2.31
31780,-0.09,-2.31
31803,-0.09,-2.31
31827,-0.09,-2.31
31850,-0.09,-2.31
31872,-0.09,-2.31
31894,-0.09,-2.31
31916,-0.09,-2.45
31938,-0.10,-2.45
31960,-0.09,-2.45
31981,-0.09,-2.58
32004,-0.09,-2.31
32025,-0.09,-2.31
32048,-0.09,-2.45
32069,-0.09,-2.31
32092,-0.09,-2.31
32113,-0.09,-2.31
32135,-0.09,-2.45
32157,-0.09,-2.31
32179,-0.09,-2.31
32201,-0.09,-2.31
32223,-0.09,-2.31
32245,-0.09,-2.31
32267,-0.09,-2.31
32289,-0.09,-2.45
32311,-0.09,-2.31
32332,-0.09,-2.45
32355,-0.09,-2.31
32376,-0.09,-2.31
32399,-0.09,-2.31
32423,-0.09,-2.45
32446,-0.09,-2.45
32467,-0.09,-2.45
32490,-0.09,-2.45
32512,-0.09,-2.31
32534,-0.09,-2.45
32556,-0.09,-2.45
32577,-0.09,-2.45
32600,-0.09,-2.45
32621,-0.10,-2.45
32644,-0.10,-2.58
32665,-0.09,-2.45
32688,-0.09,-2.31
32709,-0.09,-2.45
32731,-0.09,-2.45
32753,-0.09,-2.45
32775,-0.10,-2.58
32797,-0.09,-2.45
32819,-0.09,-2.45
32841,-0.10,-2.58
32863,-0.10,-2.58
32885,-0.10,-2.58
32907,-0.09,-2.45
32928,-0.09,-2.45
32951,-0.10,-2.45
32972,-0.10,-2.45
32995,-0.09,-2.45
33019,-0.09,-2.45
33042,-0.10,-2.45
33063,-0.09,-2.45
33086,-0.10,-2.45
33114,-0.10,-2.58
33152,-0.10,-2.71
33173,-0.10,-2.58
33196,-0.09,-2.58
33217,-0.09,-2.45
33240,-0.09,-2.45
33261,-0.09,-2.31
33284,-0.10,-2.45
33305,-0.09,-2.45
33328,-0.09,-2.31
33349,-0.09,-2.45
33372,-0.09,-2.31
33394,-0.09,-2.45
33416,-0.10,-2.45
33438,-0.09,-2.45
33460,-0.09,-2.45
33482,-0.09,-2.45
33504,-0.09,-2.45
33526,-0.10,-2.45
33548,-0.10,-2.45
33570,-0.10,-2.45
33593,-0.09,-2.45
33614,-0.09,-2.45
33672,-0.12,-3.11
33694,-0.11,-2.84
33716,-0.10,-2.71
33738,-0.10,-2.58
33761,-0.09,-2.45
33782,-0.10,-2.58
33805,-0.10,-2.45
33826,-0.09,-2.45
33849,-0.10,-2.58
33870,-0.10,-2.58
33893,-0.10,-2.58
33915,-0.10,-2.45
33937,-0.09,-2.58
33959,-0.09,-2.45
33981,-0.09,-2.45
34003,-0.10,-2.58
34025,-0.10,-2.58
34048,-0.09,-2.45
34070,-0.09,-2.45
34092,-0.09,-2.45
34114,-0.09,-2.31
34136,-0.09,-2.45
34158,-0.09,-2.31
34180,-0.09,-2.45
34202,-0.09,-2.45
34224,-0.09,-2.45
34246,-0.09,-2.45
34282,-0.10,-2.71
34305,-0.10,-2.58
34326,-0.10,-2.58
34349,-0.10,-2.58
34370,-0.10,-2.58
34393,-0.09,-2.45
34415,-0.10,-2.58
34437,-0.10,-2.45
34459,-0.10,-2.58
34481,-0.10,-2.45
34503,-0.10,-2.45
34525,-0.10,-2.58
34547,-0.09,-2.45
34570,-0.10,-2.58
34591,-0.10,-2.58
34614,-0.09,-2.58
34635,-0.09,-2.45
34658,-0.10,-2.58
34679,-0.10,-2.58
34702,-0.09,-2.45
34724,-0.09,-2.45
34746,-0.10,-2.58
34768,-0.10,-2.58
34790,-0.09,-2.58
34812,-0.10,-2.71
34834,-0.10,-2.58
34856,-0.10,-2.58
34882,-0.10,-2.58
34904,-0.09,-2.45
34926,-0.10,-2.58
34949,-0.10,-2.58
34970,-0.10,-2.58
34993,-0.10,-2.58
35014,-0.10,-2.58
35046,-0.10,-2.71
35079,-0.11,-2.84
35100,-0.10,-2.71
35123,-0.10,-2.71
35144,-0.10,-2.58
35167,-0.10,-2.58
35188,-0.10,-2.58
35211,-0.10,-2.58
35232,-0.10,-2.58
35254,-0.10,-2.58
35276,-0.10,-2.58
35298,-0.10,-2.58
35320,-0.10,-2.58
35342,-0.10,-2.45
35364,-0.10,-2.58
35386,-0.10,-2.58
35407,-0.09,-2.45
35430,-0.10,-2.58
35451,-0.10,-2.58
35474,-0.09,-2.58
35499,-0.10,-2.58
35521,-0.10,-2.58
35543,-0.10,-2.58
35565,-0.10,-2.58
35587,-0.10,-2.58
35609,-0.10,-2.58
35631,-0.10,-2.58
35653,-0.10,-2.58
35675,-0.10,-2.58
35696,-0.10,-2.58
35719,-0.09,-2.45
35740,-0.09,-2.45
35763,-0.10,-2.58
35784,-0.10,-2.58
35807,-0.09,-2.45
35828,-0.09,-2.45
35851,-0.09,-2.45
35872,-0.09,-2.45
35894,-0.09,-2.45
35916,-0.09,-2.45
35938,-0.09,-2.45
35960,-0.09,-2.31
35982,-0.09,-2.45
36004,-0.09,-2.45
36026,-0.09,-2.45
36047,-0.09,-2.45
36070,-0.09,-2.45
36096,-0.10,-2.71
36117,-0.10,-2.58
36140,-0.10,-2.58
36161,-0.10,-2.58
36183,-0.10,-2.58
36205,-0.10,-2.58
36227,-0.10,-2.45
36249,-0.10,-2.58
36271,-0.10,-2.58
36293,-0.10,-2.45
36315,-0.10,-2.45
36336,-0.09,-2.45
36359,-0.09,-2.45
36380,-0.09,-2.45
36403,-0.10,-2.58
36424,-0.10,-2.58
36447,-0.10,-2.45
36468,-0.09,-2.45
36491,-0.10,-2.58
36512,-0.10,-2.58
36534,-0.09,-2.45
36556,-0.10,-2.45
36578,-0.10,-2.58
36600,-0.10,-2.45
36622,-0.10,-2.58
36644,-0.10,-2.58
36666,-0.10,-2.58
36691,-0.10,-2.58
36713,-0.09,-2.58
36736,-0.09,-2.45
36757,-0.10,-2.58
36780,-0.09,-2.58
36801,-0.10,-2.58
36823,-0.09,-2.45
36845,-0.10,-2.45
36867,-0.10,-2.58
36889,-0.10,-2.58
36917,-0.10,-2.71
36951,-0.10,-2.71
36972,-0.10,-2.58
36994,-0.10,-2.58
37016,-0.10,-2.58
37038,-0.10,-2.58
37060,-0.10,-2.58
37082,-0.10,-2.58
37104,-0.10,-2.45
37126,-0.10,-2.58
37148,-0.10,-2.58
37170,-0.09,-2.45
37191,-0.09,-2.58
37214,-0.09,-2.31
37235,-0.10,-2.58
37258,-0.10,-2.58
37279,-0.10,-2.45
37305,-0.10,-2.58
37327,-0.09,-2.58
37349,-0.09,-2.58
37371,-0.10,-2.58
37393,-0.10,-2.58
37415,-0.09,-2.45
37437,-0.10,-2.58
37459,-0.10,-2.58
37481,-0.10,-2.58
37504,-0.10,-2.58
37526,-0.10,-2.45
37548,-0.10,-2.58
37570,-0.10,-2.58
37592,-0.10,-2.58
37614,-0.10,-2.58
37636,-0.10,-2.58
37658,-0.10,-2.58
37680,-0.09,-2.58
37702,-0.10,-2.71
37724,-0.10,-2.58
37746,-0.10,-2.58
37768,-0.10,-2.58
37790,-0.10,-2.58
37812,-0.10,-2.58
37834,-0.10,-2.58
37856,-0.10,-2.58
37878,-0.10,-2.58
37904,-0.10,-2.58
37925,-0.10,-2.71
37948,-0.09,-2.45
37969,-0.10,-2.45
37992,-0.10,-2.58
38014,-0.09,-2.45
38036,-0.10,-2.58
38059,-0.10,-2.58
38080,-0.10,-2.45
38103,-0.09,-2.45
38124,-0.09,-2.45
38147,-0.09,-2.58
38168,-0.10,-2.45
38191,-0.09,-2.58
38212,-0.10,-2.58
38235,-0.09,-2.45
38256,-0.09,-2.58
38279,-0.10,-2.58
38300,-0.10,-2.58
38323,-0.10,-2.71
38344,-0.09,-2.45
38367,-0.10,-2.58
38389,-0.10,-2.45
38411,-0.09,-2.45
38433,-0.10,-2.45
38455,-0.10,-2.58
38477,-0.10,-2.58
38502,-0.10,-2.58
38524,-0.10,-2.58
38546,-0.10,-2.58
38568,-0.10,-2.58
38591,-0.10,-2.45
38612,-0.10,-2.58
38635,-0.09,-2.45
38657,-0.10,-2.58
38679,-0.10,-2.58
38701,-0.10,-2.71
38722,-0.10,-2.84
38745,-0.10,-2.71
38766,-0.11,-2.71
38795,-0.11,-2.84
38828,-0.11,-2.84
38849,-0.11,-2.84
38872,-0.11,-2.84
38893,-0.10,-2.71
38916,-0.10,-2.71
38937,-0.10,-2.71
38959,-0.10,-2.58
38981,-0.10,-2.71
39003,-0.11,-2.71
39025,-0.11,-2.84
39047,-0.10,-2.84
39069,-0.10,-2.71
39091,-0.10,-2.71
39118,-0.11,-2.98
39141,-0.10,-2.71
39162,-0.11,-2.84
39184,-0.10,-2.71
39206,-0.10,-2.58
39228,-0.11,-2.71
39250,-0.10,-2.58
39272,-0.10,-2.71
39294,-0.11,-2.71
39316,-0.10,-2.58
39339,-0.10,-2.71
39360,-0.10,-2.71
39383,-0.10,-2.58
39404,-0.10,-2.58
39427,-0.10,-2.58
39448,-0.10,-2.58
39470,-0.09,-2.45
39492,-0.10,-2.58
39514,-0.10,-2.58
39536,-0.10,-2.58
39558,-0.10,-2.71
39580,-0.10,-2.58
39602,-0.10,-2.71
39624,-0.10,-2.71
39646,-0.11,-2.84
39668,-0.10,-2.71
39693,-0.10,-2.71
39715,-0.10,-2.58
39737,-0.10,-2.71
39759,-0.10,-2.71
39781,-0.10,-2.71
39803,-0.10,-2.71
39825,-0.10,-2.71
39847,-0.10,-2.71
39869,-0.10,-2.58
39891,-0.10,-2.71
39913,-0.10,-2.58
39934,-0.10,-2.58
39957,-0.10,-2.71
39979,-0.10,-2.71
40001,-0.09,-2.45
40023,-0.09,-2.45
40045,-0.09,-2.45
40067,-0.09,-2.58
40089,-0.09,-2.45
40111,-0.09,-2.45
40133,-0.10,-2.71
40155,-0.10,-2.71
40176,-0.10,-2.58
40199,-0.10,-2.58
40220,-0.10,-2.71
40243,-0.10,-2.71
40264,-0.10,-2.71
40290,-0.10,-2.71
40311,-0.10,-2.84
40334,-0.11,-2.84
40355,-0.11,-2.84
40378,-0.10,-2.71
40399,-0.10,-2.71
40422,-0.10,-2.58
40443,-0.10,-2.71
40466,-0.10,-2.71
40487,-0.10,-2.71
40510,-0.10,-2.58
40531,-0.10,-2.58
40554,-0.09,-2.45
40576,-0.10,-2.45
40597,-0.10,-2.45
40620,-0.10,-2.58
40641,-0.10,-2.58
40670,-0.11,-2.98
40700,-0.11,-2.98
40722,-0.11,-3.11
40744,-0.11,-2.84
40766,-0.11,-2.84
40788,-0.11,-2.98
40810,-0.11,-2.84
40833,-0.11,-2.98
40854,-0.11,-2.84
40877,-0.11,-2.84
40901,-0.11,-2.84
40924,-0.11,-2.84
40945,-0.10,-2.84
40968,-0.10,-2.71
40989,-0.10,-2.71
41012,-0.11,-2.84
41033,-0.11,-2.84
41055,-0.11,-2.84
41077,-0.10,-2.71
41099,-0.10,-2.71
41121,-0.10,-2.71
41143,-0.10,-2.71
41165,-0.10,-2.71
41187,-0.10,-2.71
41209,-0.11,-2.84
41231,-0.10,-2.71
41253,-0.10,-2.71
41275,-0.10,-2.71
41297,-0.10,-2.58
41319,-0.10,-2.71
41340,-0.10,-2.84
41363,-0.10,-2.71
41384,-0.10,-2.71
41407,-0.11,-2.84
41428,-0.11,-2.71
41451,-0.11,-2.84
41473,-0.10,-2.84
41498,-0.11,-2.84
41521,-0.11,-2.84
41542,-0.03,-0.73
41564,0.00,0.07
41586,-0.01,-0.07
41608,0.00,-0.07
41630,-0.00,-0.07
41652,0.20,5.89
41673,0.07,5.22
41696,0.01,0.20
41717,-0.09,-2.58
41739,-0.07,-1.65
41761,0.22,5.62
41783,-0.00,-0.73
